1120161858 ·¿Õý¿µ 95 96 93 54 93 100 84 97 94 87 893 
1120161719 ÁõÓîº½ 100 93 92 69 91 99 86 94 72 87 883 
1320161123 ½¯¾§¾§ 88 78 93 82 80 93 94 93 98 82 881 
1120161859 ºé¿¡½Ü 87 92 86 95 74 93 100 91 87 75 880 
1120161773 ¹ðè÷ºÀ 100 92 94 88 91 96 59 84 96 64 864 
1820161044 ÉòºìÎ° 91 70 81 91 96 80 78 91 89 94 861 
1120161661 ÌÆÈð´ï 97 92 85 100 93 84 93 88 58 64 854 
1120161715 Àî²© 87 98 83 77 87 76 97 60 86 95 846 
1320161115 Áõ¶«Ñô 99 85 87 98 97 76 59 84 79 81 845 
1320161106 Íõ¾² 74 97 59 92 61 99 92 89 89 92 844 
