1820161043 郑珉镐 68 66 83 77 56 73 61 69 66 78
1820161044 沈红伟 91 70 81 91 96 80 78 91 89 94
1320170119 刘昊昕 86 56 90 92 72 55 90 66 88 79
1120161682 韩佳博 63 96 61 76 75 68 71 67 74 91
1120161686 李法霖 98 80 68 76 91 82 90 64 67 94
1120161689 刘佳昂 65 70 56 60 78 58 69 63 71 78
1120161696 王崇源 88 89 80 94 82 72 69 99 87 80
1120161701 杨智璞 74 66 93 74 86 86 69 80 64 60
1120161703 云芳 55 67 65 86 93 83 73 90 90 74
1120161704 赵海波 80 60 90 80 82 78 92 89 65 83
1120161705 赵宇辉 76 85 77 98 79 63 91 87 72 57
1120161769 蔡家豪 55 67 60 62 97 98 62 83 72 86
1120161770 蔡建 68 87 77 63 88 95 69 64 96 96
1120161773 桂梓豪 100 92 94 88 91 96 59 84 96 64
1120161774 贺清 67 71 60 55 67 72 73 55 97 78
1120161775 姜海天 68 86 93 58 58 55 61 76 90 70
1120161776 匡曲兮 60 77 87 74 95 87 78 98 91 95
1120161777 李飞龙 97 78 75 85 71 100 71 90 63 75
1120161784 苏长山 71 80 68 88 96 85 58 66 86 93
1120161786 谢科鑫 64 81 89 75 62 60 61 98 82 62
1120161788 严尔宽 96 88 99 68 83 70 89 88 58 79
1120161794 张靖宇 62 59 63 70 58 90 96 87 69 81
1120161796 甄淇深 89 85 59 57 73 74 74 98 92 68
1120161800 邓鑫 63 59 58 76 62 80 96 77 65 97
1120161803 皇甫文宇 93 87 71 93 98 96 58 69 86 84
1120161804 金炫希 100 96 87 62 59 93 88 71 63 81
1120161806 李佳程 66 61 73 68 94 96 98 72 91 63
1120161813 谯胜平 70 71 94 80 86 79 93 69 65 91
1120161818 徐宇航 87 61 91 68 59 57 82 89 83 74
1120161824 赵董成 88 90 88 61 56 73 63 73 99 64
1120161827 祝健鑫 77 62 60 67 78 88 91 65 59 91
1120161832 丁花 78 57 63 80 94 69 98 82 95 97
1120161851 晏文双 90 88 77 90 61 64 64 81 64 56
1120161653 金汇峻 77 94 88 80 57 74 67 85 70 100
1120161657 刘宇辉 89 92 100 63 69 56 96 85 69 95
1120161661 唐瑞达 97 92 85 100 93 84 93 88 58 64
1120161662 田嘉欣 61 81 88 58 83 57 75 98 86 74
1120161667 魏祥峻 60 58 69 68 71 99 73 59 100 100
1120161670 余聪聪 57 78 85 78 62 76 89 60 66 100
1120161673 张淋荔 89 55 58 63 91 58 80 68 66 86
1120161715 李博 87 98 83 77 87 76 97 60 86 95
1120161716 李倩妤 57 79 90 81 75 58 76 59 94 76
1120161719 刘宇航 100 93 92 69 91 99 86 94 72 87
1120161720 罗楠 83 91 94 73 89 74 67 90 83 83
1120161727 王赞 89 81 77 88 67 98 83 82 58 71
1120161740 陈文韬 63 99 68 99 67 76 100 80 73 77
1120161742 高艺浓 57 69 81 74 85 89 94 73 81 79
1120161745 洪伟华 66 82 73 55 79 82 83 80 57 81
1120161746 蒋昕怡 92 83 67 91 64 60 93 88 55 86
1120161763 于金灿 91 66 98 63 68 90 81 75 76 79
1120161764 张煜鸿 91 60 82 100 97 56 71 88 93 95
1120161767 朱江涛 56 59 62 62 78 63 90 93 73 92
1120161833 付旭刚 69 64 91 75 61 84 57 73 87 81
1120161847 王江 82 67 82 87 71 84 93 63 81 79
1120161853 杨祚 80 93 57 86 67 93 80 88 57 93
1120161858 房正康 95 96 93 54 93 100 84 97 94 87
1120161859 洪俊杰 87 92 86 95 74 93 100 91 87 75
1120161871 庞羽豪 75 89 62 68 98 74 73 72 83 56
1120161875 唐昊文 63 93 83 91 95 58 67 75 61 87
1120161878 吴泽俊 79 56 72 88 85 56 99 77 93 73
1120161879 许翔宇 94 89 64 64 99 62 70 82 77 94
1120162398 严钰琛 97 71 94 95 61 59 70 60 68 82
1120162747 杨思成 61 80 81 59 96 70 93 76 63 68
1320161094 于浩天 69 68 94 90 61 66 71 98 66 65
1320161095 鲁舒凡 95 64 83 95 75 90 87 55 67 73
1320161096 肖斌文 80 79 71 56 92 71 83 87 63 67
1320161097 卢京宇 64 88 62 56 55 100 58 83 81 90
1320161098 王梓杨 80 99 56 97 57 87 99 87 63 92
1320161099 赵浩然 98 68 79 73 75 78 99 70 59 89
1320161100 刘苏洋 92 69 90 81 76 67 91 67 84 69
1320161101 刘一凡 89 100 88 59 88 74 73 94 63 68
1320161102 方臣 61 66 77 63 92 83 85 58 57 67
1320161103 汪浩楠 96 94 79 98 78 97 83 66 60 87
1320161104 曹铭琦 62 58 55 76 60 75 67 63 59 61
1320161105 罗萌 73 90 95 70 58 89 93 82 87 83
1320161106 王静 74 97 59 92 61 99 92 89 89 92
1320161107 辛晓琪 67 78 73 61 61 94 94 78 77 89
1320161108 王颖 68 69 82 87 74 63 76 99 76 97
1320161109 王倩 84 100 69 93 64 68 71 74 99 63
1320161110 张昊雨 71 61 91 71 72 66 68 78 88 80
1320161111 郑道翔 100 68 96 95 77 89 65 81 87 69
1320161112 安晨阳 69 84 82 61 84 76 58 61 86 70
1320161113 秦鸿俊 63 77 63 71 69 56 84 70 72 89
1320161114 王东篱 84 86 85 74 78 82 68 98 74 87
1320161115 刘东阳 99 85 87 98 97 76 59 84 79 81
1320161116 陈迪嘉 66 66 66 67 100 65 71 80 66 79
1320161117 李启鹏 88 63 80 75 69 86 79 56 78 64
1320161118 王帅 98 81 60 94 63 59 55 59 72 84
1320161119 蔡连鹏 66 77 58 74 84 58 61 65 84 74
1320161120 谢毅铭 84 56 73 61 66 93 66 69 55 67
1320161121 马迪 100 82 75 65 90 92 74 71 59 74
1320161122 徐放 55 68 87 86 88 56 87 98 55 78
1320161123 蒋晶晶 88 78 93 82 80 93 94 93 98 82
1320161124 范婕 95 83 99 61 87 79 61 87 71 100
1320161125 熊文迪 88 95 71 80 70 66 76 75 76 88
1320170210 胡依梦 66 62 56 93 66 83 61 92 63 60
1320170211 汪清爽 75 85 57 62 77 91 89 64 79 66
